0.5593637194436905
0.0
0.1877777777777778
0.7511111111111112
0.3529944333611781
0.0
0.43330367908899875
0.004901960784313725
0.38630660433105013
0.024638970474391356
0.38630660433105013
0.38630660433105013
0.44208475181743007
0.5482092967304703
0.0007716765023560106
0.0007716765023560106
0.5482092967304703
0.5332751340590138
0.0
0.007244436185579791
0.07304230555083147
0.37331722611262536
0.43330367908899875
0.07304230555083147
0.37331722611262536
0.0
0.07240897847107232
0.004901960784313725
0.0006059328742349148
0.43330367908899875
0.35117578742709277
0.43330367908899875
0.3909183805198784
0.0007716765023560106
0.38630660433105013
0.051517847355545564
4.638526020062447e-05
0.051517847355545564
0.4848215264445443
0.4848215264445443
0.4462648777061779
0.003060582249786519
0.2847648285251336
0.38630660433105013
0.43550017645687084
0.5482092967304703
0.5348472889064122
0.5206342751443055
0.38630660433105013
0.43330367908899875
0.07240897847107232
0.2896359138842893
0.42461516751981104
0.06436353641873095
0.4252747292773366
0.4252747292773366
0.0
0.6421054210148197
0.552037341511644
0.4254409034572234
0.0601041552481365
0.4252747292773366
0.0
0.34752084561989377
0.3897967139953222
0.2833481604555006
0.34001779254660075
0.047302491417503166
0.3897967139953222
0.0
0.43330367908899875
0.4378483843970888
0.3897967139953222
0.0
0.2090361597495948
0.2090361597495948
0.2090361597495948
0.2090361597495948
0.2833481604555006
0.2896359138842893
0.4378483843970888
0.3897967139953222
0.3897967139953222
0.07240897847107232
0.0047481297358080215
0.4647868080284988
0.4647868080284988
0.2096570707408945
0.07240897847107232
0.43330367908899875
0.3897967139953222
0.43330367908899875
0.0
0.5593637194436905
0.07240897847107232
0.4378483843970888
0.5482092967304703
0.3909183805198784
0.4000375064509594
0.3909183805198784
0.07465999321999511
0.3529944333611781
0.3529944333611781
0.5630612987214887
0.44208475181743007
0.4252747292773366
0.0
0.4252747292773366
0.2090361597495948
1.0
0.43330367908899875
0.5593637194436905
0.0
0.2090361597495948
0.07240897847107232
0.0
0.4540109928134698
0.2090361597495948
0.43330367908899875
0.0
0.00551976935952274
0.4388234484485215
0.3897967139953222
0.0
0.4252747292773366
0.2833481604555006
0.34942195604730264
0.5593637194436905
0.3897967139953222
0.43330367908899875
0.002940466130804967
0.38630660433105013
0.3897967139953222
0.4252747292773366
0.4252747292773366
0.542424815316198
0.0
0.2090361597495948
0.3683526085921508
0.43330367908899875
0.4252747292773366
0.4252747292773366
0.001357362941264437
0.4252747292773366
0.004901960784313725
0.3897967139953222
0.4252747292773366
0.4252747292773366
0.4252747292773366